0000000000000000000000000
0100000000000000000000000
0110000000000000000000000
0111000000000000000000000
0111100000000000000000000
0111100100000000000000000
0111100110000000000000000
0111100111000000000000000
0111100111000100000000000
0111100111000110000000000
0111100111000110000100000
0111100111000100000000010
0111100110000100000000000
0111100100000000010000000
0111100100000000010000100
0111100100000000000100000
0111100101000000000100000
0111100101000010000100000
0111100101000000010100000
0111100101000010010100000
0111000100000000000000000
0111000110000000000000000
0111000110000100000000000
0111000100000000010000000
0110000100000000000000000
0100000000010000000000000
0100000000010000100000000
0100000000010000100001000
0100000000010000000100000
0100100000010000000100000
0100100000010010000100000
0100100001010010000100000
0100100000010010100100000
0100100001010010100100000
0100000000010000100100000
0100000000010000100101000
0100000000000100000000000
0101000000000100000000000
0101000010000100000000000
0101000000010100000000000
0101000010010100000000000
0100100000000100000000000
0101100000000100000000000
0101100010000100000000000
0101100010000100000000010
0101100001000100000000000
0101100011000100000000000
0101100011000100000000010
0100100001000100000000000
0100100000010100000000000
0101100000010100000000000
0101100010010100000000000
0101100000010110000000000
0101100010010110000000000
0101100011010110000000000
0101100011010110000100000
0101100010010110000000010
0101100000010100000001000
0101100000010100100001000
0101100000010100000001010
0101100010010100000001010
0100100000010100100000000
0100100000010100100001000
